Iteration 0: cost is 370.2310232792048
Iteration 1: cost is 276.68760684355686
Iteration 2: cost is 235.64241546447408
Iteration 3: cost is 194.67060297131331
Iteration 4: cost is 180.99502759831904
Iteration 5: cost is 159.05760504110285
Iteration 6: cost is 147.04643395529075
Iteration 7: cost is 124.81069187948829
Iteration 8: cost is 114.00223080079128
Iteration 9: cost is 96.345025781438
Iteration 10: cost is 93.47797415123111
Iteration 11: cost is 83.1465245520539
Iteration 12: cost is 72.08600149610263
Iteration 13: cost is 63.72628251353628
Iteration 14: cost is 55.71039815643993
Iteration 15: cost is 48.78265136592616
Iteration 16: cost is 44.791528193785226
Iteration 17: cost is 41.15744724028448
Iteration 18: cost is 38.089300561494234
Iteration 19: cost is 33.950077810518394
Iteration 20: cost is 29.58752808265524
Iteration 21: cost is 27.61347753998315
Iteration 22: cost is 25.447688907254218
Iteration 23: cost is 24.14240205179046
Iteration 24: cost is 22.092159661171333
Iteration 25: cost is 20.233383391190145
Iteration 26: cost is 19.14329100284914
Iteration 27: cost is 18.550046650919423
Iteration 28: cost is 18.63644205913068
Iteration 29: cost is 17.012338718438823
[[ 1.60660384e+00  1.28091441e+00  1.28618759e+00  1.28588711e+00
   1.27807151e+00  1.28213904e+00  1.28154707e+00  1.28207886e+00
   1.27159302e+00  1.28341554e+00  1.28053161e+00  1.27207753e+00
   1.28322758e+00  1.28462587e+00  1.28039087e+00  1.27517348e+00
   1.28567510e+00  1.28072725e+00  1.27571211e+00  1.28499906e+00
   1.28274299e+00]
 [-4.95123159e-01 -4.02400781e-01 -3.89729235e-01 -4.10355616e-01
  -4.13767060e-01 -4.00979758e-01 -3.87097625e-01 -3.86933457e-01
  -3.92458477e-01 -4.10378542e-01 -4.00689724e-01 -4.18797496e-01
  -4.25443601e-01 -3.92185446e-01 -3.98338336e-01 -3.97301192e-01
  -4.15757517e-01 -4.02373590e-01 -3.94029234e-01 -4.12172549e-01
  -4.21820301e-01]
 [-6.16371662e-02 -3.81491526e-02 -7.22618029e-02 -4.39364684e-02
  -6.55466156e-02 -4.66682197e-02 -6.40954369e-02 -5.54376188e-02
  -7.36489124e-02 -4.74270903e-02 -4.90318502e-02 -7.25906612e-02
  -4.25449627e-02 -6.02067507e-02 -5.91949101e-02 -5.01975131e-02
  -4.78122696e-02 -7.16839842e-02 -5.63470916e-02 -4.42015618e-02
  -5.01492864e-02]
 [-9.57585388e-02 -1.00455528e-01 -6.17349538e-02 -8.94434343e-02
  -9.59486039e-02 -9.00135413e-02 -9.58019130e-02 -6.71698215e-02
  -8.80521055e-02 -7.93533527e-02 -8.07259917e-02 -6.55689497e-02
  -7.14256283e-02 -6.66707575e-02 -6.98249370e-02 -7.38656881e-02
  -9.42368055e-02 -9.09519958e-02 -7.47739661e-02 -8.56907653e-02
  -8.16601601e-02]
 [-2.28217644e-01 -1.82836952e-01 -1.97933757e-01 -1.87552099e-01
  -1.92631167e-01 -1.75053827e-01 -1.97517950e-01 -1.74540715e-01
  -1.73863740e-01 -1.86357029e-01 -2.07094201e-01 -1.84830493e-01
  -1.71210194e-01 -2.02380974e-01 -1.77192792e-01 -1.85113921e-01
  -1.80184826e-01 -2.04323517e-01 -1.87506869e-01 -1.86319473e-01
  -1.74561897e-01]
 [-5.30855487e-01 -4.28972012e-01 -4.52015547e-01 -4.15969285e-01
  -4.19402766e-01 -4.48366388e-01 -4.38122308e-01 -4.27125934e-01
  -4.41728643e-01 -4.22273812e-01 -4.51875235e-01 -4.35556854e-01
  -4.40758615e-01 -4.46897610e-01 -4.27657974e-01 -4.38026285e-01
  -4.39990885e-01 -4.21898074e-01 -4.45680881e-01 -4.40092163e-01
  -4.29549670e-01]
 [-1.42382837e-01 -1.08149456e-01 -1.24266593e-01 -1.29937448e-01
  -1.34482972e-01 -1.10832357e-01 -1.17973705e-01 -1.37115771e-01
  -1.24361450e-01 -1.01541933e-01 -1.25055000e-01 -9.87030732e-02
  -1.23966110e-01 -1.15310076e-01 -1.03963866e-01 -1.28062264e-01
  -1.33742571e-01 -1.21380271e-01 -1.29347474e-01 -1.00768192e-01
  -1.18130595e-01]
 [-2.81902913e-01 -2.37968786e-01 -2.28491712e-01 -2.42192109e-01
  -2.16131437e-01 -2.40929652e-01 -2.18611996e-01 -2.15085718e-01
  -2.12075348e-01 -2.31216627e-01 -2.35595672e-01 -2.13488220e-01
  -2.28355939e-01 -2.23433188e-01 -2.17883376e-01 -2.18602221e-01
  -2.22085481e-01 -2.45590445e-01 -2.17672048e-01 -2.25275930e-01
  -2.19504936e-01]
 [-3.11880858e-01 -2.61974512e-01 -2.57194495e-01 -2.68176621e-01
  -2.74460823e-01 -2.43200357e-01 -2.63271197e-01 -2.48848651e-01
  -2.49119164e-01 -2.71545266e-01 -2.64776342e-01 -2.61026861e-01
  -2.67882737e-01 -2.51348227e-01 -2.43870445e-01 -2.68792461e-01
  -2.42620674e-01 -2.40968308e-01 -2.46949815e-01 -2.77418283e-01
  -2.65673925e-01]
 [-9.23882445e-02 -8.47305100e-02 -7.14410679e-02 -8.94683075e-02
  -7.72207893e-02 -7.77121974e-02 -9.31657326e-02 -9.01833474e-02
  -7.27040602e-02 -6.29100587e-02 -6.02603877e-02 -8.89349155e-02
  -7.15606520e-02 -8.92306945e-02 -6.84692241e-02 -9.79073018e-02
  -5.99462469e-02 -6.20089858e-02 -6.98867448e-02 -7.47805754e-02
  -8.40627455e-02]
 [-5.85764859e-01 -4.90253955e-01 -4.62406540e-01 -4.91092184e-01
  -4.77009772e-01 -4.74883609e-01 -4.82284736e-01 -4.79283826e-01
  -4.64273429e-01 -4.64776679e-01 -4.86013024e-01 -4.69231833e-01
  -4.95815934e-01 -4.80606602e-01 -4.95829387e-01 -4.96381149e-01
  -4.92198345e-01 -4.77839682e-01 -4.71650122e-01 -4.66465145e-01
  -4.74012388e-01]
 [-3.64819890e-02 -5.47538989e-02 -4.52153137e-02 -3.20151619e-02
  -5.32181929e-02 -5.05064277e-02 -4.24740001e-02 -1.79741371e-02
  -4.99964379e-02 -4.35399135e-02 -4.25910592e-02 -3.85391430e-02
  -4.23765236e-02 -4.80551707e-02 -3.35374003e-02 -5.35074656e-02
  -3.60283580e-02 -5.23932640e-02 -2.05797709e-02 -3.48300453e-02
  -3.07520359e-02]
 [-1.85197241e-01 -1.69978510e-01 -1.56323890e-01 -1.69054785e-01
  -1.68670337e-01 -1.36654411e-01 -1.48894165e-01 -1.46004014e-01
  -1.67440380e-01 -1.56085461e-01 -1.45871947e-01 -1.35542340e-01
  -1.42136348e-01 -1.43510862e-01 -1.58175695e-01 -1.60815044e-01
  -1.65240626e-01 -1.44641639e-01 -1.41476000e-01 -1.61422546e-01
  -1.40495963e-01]
 [-6.98371978e-01 -5.76583108e-01 -5.81421062e-01 -5.74473870e-01
  -5.75378097e-01 -5.76706039e-01 -5.60701434e-01 -5.89629991e-01
  -5.77964273e-01 -5.73025291e-01 -5.69351425e-01 -5.51250117e-01
  -5.87213995e-01 -5.83304180e-01 -5.59563798e-01 -5.55910040e-01
  -5.65119200e-01 -5.77340260e-01 -5.82581008e-01 -5.79865157e-01
  -5.74960011e-01]
 [-1.29927162e-01 -9.74776844e-02 -1.13271775e-01 -9.94941605e-02
  -1.26244596e-01 -1.25998301e-01 -9.89375873e-02 -1.17485702e-01
  -9.42893428e-02 -1.04793949e-01 -1.26792367e-01 -1.13974662e-01
  -1.26434456e-01 -1.12999310e-01 -1.20689021e-01 -9.70584412e-02
  -1.15974648e-01 -9.84478626e-02 -9.72221976e-02 -1.13983864e-01
  -8.62697759e-02]
 [-1.56707921e-01 -1.11859052e-01 -1.46541713e-01 -1.24965663e-01
  -1.40415386e-01 -1.24373064e-01 -1.47518293e-01 -1.23691925e-01
  -1.47198455e-01 -1.28871903e-01 -1.48781529e-01 -1.27141127e-01
  -1.21706450e-01 -1.11782614e-01 -1.44863942e-01 -1.31158335e-01
  -1.39206247e-01 -1.11724290e-01 -1.27602179e-01 -1.29555804e-01
  -1.47291288e-01]
 [-4.20757611e-02 -4.35171684e-02 -5.48076025e-02 -3.91110466e-02
  -2.44341972e-02 -2.08336252e-02 -4.21117363e-02 -3.86048019e-02
  -3.72822342e-02 -1.96090358e-02 -5.99865314e-02 -2.08910349e-02
  -3.74086478e-02 -3.86771355e-02 -4.35763136e-02 -2.13163374e-02
  -5.17155750e-02 -3.62541506e-02 -3.35928359e-02 -5.88012540e-02
  -3.64508678e-02]
 [-3.88824039e-01 -3.16575267e-01 -3.37253469e-01 -3.11471346e-01
  -3.34885585e-01 -3.21564390e-01 -3.12676775e-01 -3.02673672e-01
  -3.30007851e-01 -2.98713701e-01 -3.12564953e-01 -3.09517355e-01
  -3.09421680e-01 -3.29308854e-01 -3.37721345e-01 -3.21722152e-01
  -3.16487728e-01 -3.18653964e-01 -3.38109271e-01 -3.03590218e-01
  -3.23801130e-01]
 [-4.77815442e-01 -4.10220530e-01 -3.79338369e-01 -3.95511559e-01
  -3.98190301e-01 -3.86124868e-01 -4.01424244e-01 -3.95854142e-01
  -3.92107362e-01 -4.08305086e-01 -4.09615949e-01 -3.75030222e-01
  -4.09025693e-01 -3.77560535e-01 -3.90280220e-01 -4.02295679e-01
  -4.05735689e-01 -4.01577914e-01 -3.78750796e-01 -3.80630820e-01
  -3.92585899e-01]
 [-5.50661774e-01 -4.53645639e-01 -4.46539948e-01 -4.51021644e-01
  -4.68984815e-01 -4.52998540e-01 -4.45915493e-01 -4.64016071e-01
  -4.44179274e-01 -4.70299961e-01 -4.63775777e-01 -4.48951609e-01
  -4.59999086e-01 -4.41727355e-01 -4.63308991e-01 -4.40629319e-01
  -4.62542516e-01 -4.47663454e-01 -4.57728194e-01 -4.35148416e-01
  -4.49306977e-01]
 [-4.04844544e-01 -3.42498231e-01 -3.20459380e-01 -3.12086995e-01
  -3.27141405e-01 -3.16316404e-01 -3.19843594e-01 -3.29715752e-01
  -3.19552458e-01 -3.46436270e-01 -3.33072874e-01 -3.29592062e-01
  -3.23102379e-01 -3.31302710e-01 -3.29812432e-01 -3.11942559e-01
  -3.33996138e-01 -3.16624073e-01 -3.32523872e-01 -3.31056005e-01
  -3.16731664e-01]
 [-1.49329685e-01 -1.36987150e-01 -1.04983560e-01 -1.21172868e-01
  -1.25774556e-01 -1.18484113e-01 -1.33798081e-01 -1.18946575e-01
  -1.04215573e-01 -1.25229118e-01 -1.35351148e-01 -1.33559723e-01
  -1.42890914e-01 -1.14593374e-01 -1.38081880e-01 -1.14655455e-01
  -1.11400294e-01 -1.18337422e-01 -1.31333062e-01 -1.13616839e-01
  -1.17961547e-01]
 [-7.73178912e-02 -8.52707801e-02 -7.62576948e-02 -6.98108682e-02
  -5.75864757e-02 -6.61044595e-02 -6.26216146e-02 -4.90459055e-02
  -6.47187679e-02 -8.03557498e-02 -6.91372828e-02 -8.23781272e-02
  -5.60467180e-02 -7.04070758e-02 -7.64159284e-02 -4.63703666e-02
  -6.89435846e-02 -5.87425361e-02 -8.56655725e-02 -4.92565421e-02
  -6.36024454e-02]
 [-4.05010303e-01 -3.17970603e-01 -3.34996691e-01 -3.28698101e-01
  -3.40750807e-01 -3.23144175e-01 -3.36732669e-01 -3.35481450e-01
  -3.43913888e-01 -3.40726976e-01 -3.23717333e-01 -3.31009468e-01
  -3.52175210e-01 -3.42088405e-01 -3.42319872e-01 -3.16445833e-01
  -3.30373667e-01 -3.31628122e-01 -3.40237238e-01 -3.31047213e-01
  -3.37090427e-01]
 [-1.35877059e-01 -9.85405805e-02 -1.09971702e-01 -1.26876610e-01
  -1.24075668e-01 -1.31524675e-01 -1.10670522e-01 -1.16857407e-01
  -1.00614744e-01 -1.18638541e-01 -1.29420475e-01 -1.05559492e-01
  -1.18624719e-01 -9.49837307e-02 -1.06980348e-01 -1.25128590e-01
  -1.15298795e-01 -1.32506359e-01 -1.25311901e-01 -1.17654554e-01
  -9.27781508e-02]
 [-4.23695199e-01 -3.62138157e-01 -3.53522810e-01 -3.50634015e-01
  -3.55765280e-01 -3.58316508e-01 -3.29408002e-01 -3.49592578e-01
  -3.52969886e-01 -3.49248329e-01 -3.41215208e-01 -3.51378011e-01
  -3.51431586e-01 -3.31128648e-01 -3.59392695e-01 -3.31655993e-01
  -3.28364688e-01 -3.42080987e-01 -3.59526402e-01 -3.63494566e-01
  -3.29667348e-01]
 [-8.48613229e-01 -6.84201470e-01 -6.87605392e-01 -6.95014625e-01
  -7.09690401e-01 -7.05814772e-01 -6.92833290e-01 -6.85625798e-01
  -6.85708697e-01 -6.90109741e-01 -6.94162440e-01 -6.79157925e-01
  -6.90225730e-01 -7.11844855e-01 -6.76390179e-01 -6.81633450e-01
  -6.86112549e-01 -7.05368871e-01 -6.89107651e-01 -7.02548122e-01
  -7.01296204e-01]
 [-3.07843681e-01 -2.55069673e-01 -2.64481891e-01 -2.68867196e-01
  -2.38624788e-01 -2.36384820e-01 -2.44414813e-01 -2.35858308e-01
  -2.39198247e-01 -2.35185060e-01 -2.67270693e-01 -2.67871563e-01
  -2.64095648e-01 -2.64285742e-01 -2.52019644e-01 -2.33135943e-01
  -2.59002763e-01 -2.57975119e-01 -2.63850438e-01 -2.56196000e-01
  -2.33511849e-01]
 [-2.41744004e-01 -2.09685031e-01 -1.94443837e-01 -2.09689389e-01
  -1.98734954e-01 -2.05071298e-01 -1.99276988e-01 -2.01159243e-01
  -2.02622608e-01 -1.79946427e-01 -2.07455941e-01 -2.07603525e-01
  -2.12693882e-01 -2.11870319e-01 -2.11951085e-01 -1.99329376e-01
  -1.90500668e-01 -1.92675033e-01 -1.96280078e-01 -1.92909265e-01
  -2.08387703e-01]
 [-1.48864879e-01 -1.19550570e-01 -1.12071345e-01 -1.14276087e-01
  -1.23252498e-01 -1.22451321e-01 -1.24598270e-01 -1.40176037e-01
  -1.30307216e-01 -1.39762868e-01 -1.06582449e-01 -1.10152229e-01
  -1.15332804e-01 -1.20647022e-01 -1.02809680e-01 -1.17779047e-01
  -1.31638513e-01 -1.29671179e-01 -1.39676911e-01 -1.11440727e-01
  -1.40520176e-01]
 [-3.44398854e-01 -2.68205620e-01 -2.88944834e-01 -2.90676596e-01
  -2.72009016e-01 -2.84173255e-01 -2.77265013e-01 -2.62574737e-01
  -2.75671961e-01 -2.89780713e-01 -2.73682217e-01 -2.93178524e-01
  -2.65544745e-01 -2.71079046e-01 -2.99647394e-01 -2.76658124e-01
  -2.81922166e-01 -2.74399857e-01 -2.74446988e-01 -2.94755964e-01
  -2.98688734e-01]
 [-2.38307839e-01 -2.13366502e-01 -2.03013545e-01 -2.08413531e-01
  -1.87553451e-01 -1.82256044e-01 -1.95228358e-01 -2.11761878e-01
  -1.76159022e-01 -2.10196031e-01 -1.76956645e-01 -1.81562158e-01
  -1.90783724e-01 -2.08666560e-01 -1.86200247e-01 -1.82085095e-01
  -1.78137648e-01 -1.95845282e-01 -1.87721626e-01 -1.79650395e-01
  -2.02913782e-01]
 [-1.16605655e-01 -1.08741707e-01 -8.94068732e-02 -9.65485496e-02
  -1.06736835e-01 -1.15327816e-01 -1.11187686e-01 -9.53969603e-02
  -1.03123731e-01 -1.09806103e-01 -7.83402367e-02 -8.02262661e-02
  -9.36216085e-02 -1.00096267e-01 -1.10947510e-01 -8.01726957e-02
  -1.07248420e-01 -1.11763683e-01 -1.00277984e-01 -9.72168914e-02
  -9.49451266e-02]
 [-4.50264573e-01 -3.73125168e-01 -3.77274365e-01 -3.67951796e-01
  -3.70785223e-01 -3.85511816e-01 -3.66350717e-01 -3.89326302e-01
  -3.48234758e-01 -3.86787263e-01 -3.55460913e-01 -3.57034925e-01
  -3.81058995e-01 -3.88045953e-01 -3.81635122e-01 -3.71382328e-01
  -3.86770002e-01 -3.75519380e-01 -3.69673000e-01 -3.62817134e-01
  -3.80237889e-01]
 [-1.46280207e-01 -1.22159498e-01 -1.00013929e-01 -1.20071482e-01
  -1.10799117e-01 -1.07192616e-01 -1.36916042e-01 -1.08585230e-01
  -1.38357322e-01 -1.32091527e-01 -1.29474355e-01 -1.38680352e-01
  -1.25652782e-01 -1.34823208e-01 -1.36763778e-01 -1.06257372e-01
  -1.30223503e-01 -1.08197575e-01 -1.17692033e-01 -1.13069450e-01
  -1.23290858e-01]
 [-1.71425950e-01 -1.51270295e-01 -1.21127342e-01 -1.34821893e-01
  -1.32898185e-01 -1.53282372e-01 -1.51432640e-01 -1.33992265e-01
  -1.53853018e-01 -1.44908138e-01 -1.34193592e-01 -1.37331406e-01
  -1.55050968e-01 -1.45671923e-01 -1.23327199e-01 -1.33147197e-01
  -1.20735540e-01 -1.32579167e-01 -1.31176562e-01 -1.34356978e-01
  -1.25720715e-01]
 [-1.27097020e-01 -9.22158448e-02 -1.12016097e-01 -1.13134229e-01
  -1.24374637e-01 -9.42005577e-02 -1.00924143e-01 -1.09250786e-01
  -1.25472052e-01 -1.23376763e-01 -1.11672374e-01 -1.18268186e-01
  -9.26544052e-02 -1.25471668e-01 -1.18920398e-01 -9.94366045e-02
  -9.69547189e-02 -1.17052912e-01 -9.76647106e-02 -9.86275951e-02
  -1.07353748e-01]
 [-2.60684224e-01 -2.13654945e-01 -2.03605775e-01 -1.97357889e-01
  -2.16730194e-01 -2.32018108e-01 -2.07067015e-01 -2.08432353e-01
  -2.27253627e-01 -2.07666889e-01 -2.25320605e-01 -1.96837190e-01
  -2.32713956e-01 -1.97421085e-01 -2.00698885e-01 -1.98468133e-01
  -2.20276116e-01 -2.25447481e-01 -1.95557591e-01 -1.96818267e-01
  -2.03806934e-01]
 [-3.19747142e-01 -2.63609040e-01 -2.77595398e-01 -2.46746960e-01
  -2.51733806e-01 -2.58770575e-01 -2.76960080e-01 -2.55846387e-01
  -2.43374151e-01 -2.45993917e-01 -2.60280973e-01 -2.46194447e-01
  -2.60435112e-01 -2.54582203e-01 -2.80501065e-01 -2.75441699e-01
  -2.68797523e-01 -2.55154554e-01 -2.48319972e-01 -2.63002177e-01
  -2.79541044e-01]
 [-3.64060979e-02 -2.70739864e-02 -2.32853814e-02 -3.64825763e-02
  -3.45960008e-02 -1.84977262e-02 -4.52930022e-02 -3.77766654e-02
  -1.58121958e-02 -4.26054550e-02 -3.95016042e-02 -5.44769567e-02
  -4.78832100e-02 -1.79063402e-02 -2.15407109e-02 -3.94561296e-02
  -2.92443753e-02 -3.40976541e-02 -3.80365753e-02 -5.07167391e-02
  -1.44751027e-02]
 [-1.68758039e-01 -1.29715157e-01 -1.31743793e-01 -1.43497373e-01
  -1.27349620e-01 -1.35853369e-01 -1.58232690e-01 -1.26197082e-01
  -1.47076734e-01 -1.29552649e-01 -1.38240362e-01 -1.51431881e-01
  -1.55775036e-01 -1.58485043e-01 -1.18219919e-01 -1.58134204e-01
  -1.57569047e-01 -1.39047008e-01 -1.41381990e-01 -1.26453498e-01
  -1.33957154e-01]
 [-6.91772919e-01 -5.67907912e-01 -5.69509580e-01 -5.63829921e-01
  -5.52551377e-01 -5.53931691e-01 -5.65562053e-01 -5.76520005e-01
  -5.58158923e-01 -5.71296395e-01 -5.55428093e-01 -5.83365787e-01
  -5.55554364e-01 -5.87392526e-01 -5.69217864e-01 -5.61957543e-01
  -5.53010837e-01 -5.81072566e-01 -5.62098805e-01 -5.80350555e-01
  -5.67489665e-01]
 [-1.62282745e-01 -1.14581444e-01 -1.47713962e-01 -1.47470381e-01
  -1.49724845e-01 -1.16894909e-01 -1.51238015e-01 -1.38695760e-01
  -1.21202077e-01 -1.50006450e-01 -1.34424908e-01 -1.52732839e-01
  -1.38590960e-01 -1.34230291e-01 -1.32852886e-01 -1.15300460e-01
  -1.26097403e-01 -1.39495908e-01 -1.29259849e-01 -1.33294553e-01
  -1.22802725e-01]
 [-1.23304543e-01 -1.05748799e-01 -8.70250486e-02 -1.08785167e-01
  -9.87505305e-02 -1.20429630e-01 -8.27451013e-02 -1.15401659e-01
  -1.09366473e-01 -8.90240177e-02 -8.57390282e-02 -1.08023858e-01
  -8.59383815e-02 -1.03643860e-01 -1.12303554e-01 -9.86687611e-02
  -9.80096582e-02 -8.56461976e-02 -1.02049365e-01 -1.05526187e-01
  -9.25840068e-02]
 [-2.51770421e-02 -2.61068464e-02 -1.45926928e-02 -7.26499642e-03
  -1.94164963e-02 -3.17705997e-02 -2.29304520e-02 -3.07952985e-02
  -2.47400360e-02 -1.02419288e-02 -3.24592370e-02 -1.16880735e-02
  -2.70065013e-02 -1.27934575e-02 -3.16344591e-02 -1.41227121e-02
  -2.95439359e-02 -3.34053678e-02 -1.62272020e-02 -2.61841925e-02
  -3.17676859e-02]
 [-4.37666056e-02 -5.21239582e-02 -4.89388828e-02 -4.86087837e-02
  -4.94858899e-02 -4.14701080e-02 -5.14114165e-02 -5.84256938e-02
  -2.54784082e-02 -4.62976241e-02 -5.94188371e-02 -5.74790479e-02
  -5.67015754e-02 -3.73129518e-02 -4.50460170e-02 -3.46339474e-02
  -5.22628610e-02 -2.73835153e-02 -3.14341509e-02 -4.73391654e-02
  -2.83353262e-02]
 [-2.28127023e-01 -1.95429463e-01 -1.93255529e-01 -1.84016397e-01
  -1.70391891e-01 -1.93983127e-01 -1.96658299e-01 -1.76032617e-01
  -2.04528724e-01 -1.86374306e-01 -1.70585567e-01 -1.95716032e-01
  -1.73088413e-01 -2.05742364e-01 -1.84943747e-01 -1.93081006e-01
  -1.87597711e-01 -2.07811106e-01 -1.84182635e-01 -1.93940974e-01
  -1.85232091e-01]
 [-1.30200772e-01 -1.27445056e-01 -9.15498692e-02 -1.07667174e-01
  -1.26981875e-01 -1.03115485e-01 -9.05286023e-02 -1.11263756e-01
  -8.80996655e-02 -1.12642428e-01 -1.27966284e-01 -1.19519661e-01
  -1.10262882e-01 -8.85515563e-02 -9.94810680e-02 -9.53941305e-02
  -9.21053272e-02 -9.16912823e-02 -9.42991789e-02 -1.10615282e-01
  -1.22548878e-01]
 [-2.99701917e-01 -2.64773229e-01 -2.61257986e-01 -2.36523537e-01
  -2.59672028e-01 -2.49182858e-01 -2.60237845e-01 -2.53499618e-01
  -2.61423679e-01 -2.28037077e-01 -2.50642588e-01 -2.47874265e-01
  -2.65663800e-01 -2.50796318e-01 -2.31985977e-01 -2.62729938e-01
  -2.40716916e-01 -2.33128065e-01 -2.64095883e-01 -2.60287221e-01
  -2.48451024e-01]
 [-8.29056280e-02 -8.28640541e-02 -5.74485533e-02 -8.82766518e-02
  -8.83386194e-02 -6.71224521e-02 -8.08457719e-02 -8.83771892e-02
  -7.58077801e-02 -5.11030894e-02 -8.45209729e-02 -7.19369385e-02
  -7.03007627e-02 -7.42823628e-02 -7.20184014e-02 -5.80880459e-02
  -6.36008463e-02 -5.72347148e-02 -8.91626602e-02 -9.23626675e-02
  -7.64151929e-02]
 [-8.41666350e-01 -6.92126844e-01 -6.98614895e-01 -7.00684013e-01
  -6.71755242e-01 -7.09145083e-01 -7.06288648e-01 -6.78997284e-01
  -6.67650434e-01 -6.98272855e-01 -6.88904902e-01 -6.81973465e-01
  -6.97331449e-01 -7.09033732e-01 -6.73847862e-01 -6.86818780e-01
  -7.00617588e-01 -6.79626559e-01 -6.96328493e-01 -7.14057503e-01
  -7.06060860e-01]
 [-1.14312061e-01 -1.03237090e-01 -9.13690006e-02 -7.93531448e-02
  -9.70380954e-02 -1.14005294e-01 -1.08464134e-01 -8.54641261e-02
  -8.50148992e-02 -1.12490012e-01 -1.14047991e-01 -1.03980980e-01
  -1.15424118e-01 -1.10761033e-01 -8.49000694e-02 -1.04738557e-01
  -7.67095128e-02 -8.84884667e-02 -9.32497076e-02 -9.51651112e-02
  -7.84179558e-02]
 [-7.01645182e-02 -4.31983048e-02 -6.83537685e-02 -5.77603451e-02
  -6.33845400e-02 -8.08731598e-02 -4.95287989e-02 -4.63690847e-02
  -6.30795947e-02 -6.83848808e-02 -4.96711740e-02 -5.18814182e-02
  -4.96034592e-02 -6.96464592e-02 -8.02923060e-02 -6.41991131e-02
  -5.51658643e-02 -5.33532838e-02 -4.88404707e-02 -8.25551001e-02
  -7.82617138e-02]
 [-1.36487201e-01 -1.20150829e-01 -1.08465329e-01 -1.23945391e-01
  -1.04644512e-01 -9.74553765e-02 -1.14367455e-01 -1.03203790e-01
  -1.00002610e-01 -1.09764498e-01 -1.30647162e-01 -9.76290042e-02
  -1.27545469e-01 -1.30035668e-01 -1.20609378e-01 -1.07492144e-01
  -1.08996339e-01 -1.30797201e-01 -1.13014377e-01 -9.46848637e-02
  -1.19116849e-01]
 [-7.15813261e-02 -4.31104571e-02 -7.92366333e-02 -5.42762960e-02
  -6.81669794e-02 -4.86292096e-02 -7.37677636e-02 -7.77465205e-02
  -7.21914316e-02 -7.72512668e-02 -4.96125380e-02 -8.08007398e-02
  -4.32510245e-02 -5.71057518e-02 -6.89076660e-02 -6.94866726e-02
  -7.65699315e-02 -5.97955966e-02 -4.79221262e-02 -5.08626212e-02
  -7.31121956e-02]
 [-1.77972432e-01 -1.44034024e-01 -1.52119422e-01 -1.27278773e-01
  -1.56106046e-01 -1.44090172e-01 -1.35730128e-01 -1.58861175e-01
  -1.42526199e-01 -1.30297015e-01 -1.59126637e-01 -1.42245918e-01
  -1.34803835e-01 -1.54605988e-01 -1.26721058e-01 -1.60414776e-01
  -1.44602732e-01 -1.58137986e-01 -1.42467240e-01 -1.56464597e-01
  -1.35087395e-01]
 [-7.57223494e-01 -6.12719834e-01 -6.04359463e-01 -6.08411018e-01
  -6.05240673e-01 -6.30771015e-01 -6.33765173e-01 -6.39240206e-01
  -6.01939257e-01 -6.34949916e-01 -6.35115807e-01 -6.05873338e-01
  -6.17366999e-01 -6.36705553e-01 -6.21706243e-01 -6.11700377e-01
  -6.34505471e-01 -6.21464955e-01 -6.02317389e-01 -6.44227978e-01
  -6.34332211e-01]
 [-2.29526760e-01 -2.05985624e-01 -1.87939059e-01 -2.06009743e-01
  -1.78480008e-01 -1.70303195e-01 -1.71337115e-01 -1.92142818e-01
  -1.84993079e-01 -1.71030290e-01 -1.85023584e-01 -2.03509328e-01
  -1.83178203e-01 -1.92231628e-01 -1.71935767e-01 -1.91360495e-01
  -1.70006393e-01 -1.74640963e-01 -2.08682681e-01 -2.05101739e-01
  -1.93747860e-01]
 [-7.25833401e-02 -7.92175485e-02 -6.59497735e-02 -5.68119185e-02
  -4.96535892e-02 -7.68674660e-02 -6.30566605e-02 -7.91860486e-02
  -7.91180052e-02 -7.86562233e-02 -8.03981795e-02 -4.28830227e-02
  -6.79329535e-02 -6.29141517e-02 -5.88828815e-02 -5.78036362e-02
  -8.12513278e-02 -7.21852091e-02 -7.21813272e-02 -6.67980513e-02
  -6.71448034e-02]
 [-5.70091574e-01 -4.55534143e-01 -4.55572501e-01 -4.60459178e-01
  -4.59585919e-01 -4.60317927e-01 -4.68013719e-01 -4.59622384e-01
  -4.48762456e-01 -4.71218563e-01 -4.57604326e-01 -4.55326252e-01
  -4.79032137e-01 -4.49820298e-01 -4.51152526e-01 -4.75417578e-01
  -4.76017350e-01 -4.84401315e-01 -4.81079060e-01 -4.86648159e-01
  -4.51788515e-01]
 [-9.49923124e-02 -6.20539983e-02 -7.65349651e-02 -5.80613992e-02
  -6.34765850e-02 -6.40287992e-02 -7.13424109e-02 -9.94416456e-02
  -6.95165410e-02 -8.25246000e-02 -6.52543083e-02 -7.71182329e-02
  -7.74307699e-02 -7.03365325e-02 -6.81198467e-02 -6.60251867e-02
  -7.29549930e-02 -6.41663453e-02 -7.39505955e-02 -8.70210137e-02
  -9.75705846e-02]
 [-1.00668220e-01 -9.55203467e-02 -9.95218053e-02 -7.42881485e-02
  -8.10652365e-02 -7.04799048e-02 -7.27791304e-02 -7.40429441e-02
  -7.86551447e-02 -7.74213483e-02 -9.72513716e-02 -1.02925101e-01
  -6.68814361e-02 -9.43818683e-02 -6.60203612e-02 -9.41101556e-02
  -9.39621830e-02 -8.40671544e-02 -9.16721175e-02 -7.48231187e-02
  -6.67385190e-02]
 [-6.62835321e-01 -5.39052063e-01 -5.33993351e-01 -5.50622040e-01
  -5.31580290e-01 -5.49239500e-01 -5.63114247e-01 -5.45689919e-01
  -5.58737993e-01 -5.40340208e-01 -5.34738418e-01 -5.29102717e-01
  -5.28568617e-01 -5.42731399e-01 -5.48915356e-01 -5.46512728e-01
  -5.33107919e-01 -5.64686249e-01 -5.33133389e-01 -5.44870006e-01
  -5.52897950e-01]
 [-3.92438688e-01 -3.41114105e-01 -3.18087498e-01 -3.25217635e-01
  -3.22666096e-01 -3.09122581e-01 -3.05686863e-01 -3.08707365e-01
  -3.21821290e-01 -3.24514962e-01 -3.10511436e-01 -3.16148357e-01
  -3.16476022e-01 -3.15010563e-01 -3.12832160e-01 -3.06340069e-01
  -3.28102454e-01 -3.12117469e-01 -3.10985229e-01 -3.08146154e-01
  -3.11274582e-01]
 [-2.83930433e-01 -2.50829157e-01 -2.24477469e-01 -2.17631625e-01
  -2.32541927e-01 -2.44184641e-01 -2.24292200e-01 -2.24518536e-01
  -2.30150783e-01 -2.25502143e-01 -2.41704635e-01 -2.32921478e-01
  -2.52930791e-01 -2.15848653e-01 -2.50360055e-01 -2.44013428e-01
  -2.33687151e-01 -2.19724402e-01 -2.47467402e-01 -2.33274697e-01
  -2.47958795e-01]
 [-4.96731126e-02 -2.72557167e-02 -5.96898382e-02 -5.31339769e-02
  -3.20917735e-02 -5.10909769e-02 -4.42654395e-02 -5.80577485e-02
  -3.06908286e-02 -4.24440316e-02 -4.87034404e-02 -4.39586829e-02
  -3.16572078e-02 -5.73493338e-02 -3.19388045e-02 -5.13650987e-02
  -5.62088961e-02 -3.00256103e-02 -6.52008341e-02 -6.60712264e-02
  -6.10146854e-02]
 [-6.53856338e-02 -7.01819364e-02 -4.22646156e-02 -6.26322902e-02
  -6.54099202e-02 -7.01436372e-02 -6.10635244e-02 -7.37978919e-02
  -5.06679426e-02 -7.30972044e-02 -6.40450340e-02 -6.92430221e-02
  -6.55346785e-02 -3.77918175e-02 -5.13951190e-02 -4.06360523e-02
  -6.43044940e-02 -5.44837465e-02 -7.02186236e-02 -5.14584238e-02
  -5.85608322e-02]
 [-4.19829841e-01 -3.48194214e-01 -3.24973246e-01 -3.56814382e-01
  -3.42193422e-01 -3.30203144e-01 -3.45442287e-01 -3.59812806e-01
  -3.34049508e-01 -3.29513026e-01 -3.42484610e-01 -3.24474072e-01
  -3.44018976e-01 -3.30183781e-01 -3.42516859e-01 -3.45644370e-01
  -3.55858449e-01 -3.25820135e-01 -3.31989091e-01 -3.37917546e-01
  -3.45338665e-01]
 [-7.49265019e-01 -5.97462816e-01 -6.03068129e-01 -5.99190898e-01
  -6.33559104e-01 -6.23698304e-01 -6.01955921e-01 -6.08528560e-01
  -6.12626809e-01 -6.08491588e-01 -6.14707813e-01 -6.00271440e-01
  -6.15474082e-01 -6.06295834e-01 -6.13975749e-01 -6.08726006e-01
  -6.18280997e-01 -6.32029303e-01 -6.27709106e-01 -6.37122890e-01
  -5.95872077e-01]
 [-6.25870555e-02 -6.07567137e-02 -5.93746168e-02 -6.09142938e-02
  -4.25852741e-02 -3.92431453e-02 -4.11500510e-02 -6.18473693e-02
  -7.22607060e-02 -6.66290260e-02 -5.32461800e-02 -3.64374984e-02
  -5.10418391e-02 -6.74210377e-02 -3.56439195e-02 -6.71238829e-02
  -7.20400492e-02 -5.55978178e-02 -7.38968637e-02 -6.45771954e-02
  -5.75376139e-02]
 [-6.36914419e-01 -5.14070388e-01 -5.36805948e-01 -5.07660348e-01
  -5.30526413e-01 -5.20570978e-01 -5.06042491e-01 -5.35447571e-01
  -5.12049449e-01 -5.10919658e-01 -5.31437429e-01 -5.35341465e-01
  -5.44462955e-01 -5.26823795e-01 -5.08745959e-01 -5.26429096e-01
  -5.11237666e-01 -5.07301302e-01 -5.13010272e-01 -5.27510950e-01
  -5.16645723e-01]
 [-2.89879023e-01 -2.33755817e-01 -2.50986175e-01 -2.19367404e-01
  -2.24120759e-01 -2.55878627e-01 -2.21134890e-01 -2.33434915e-01
  -2.26491989e-01 -2.26742628e-01 -2.31280034e-01 -2.29428163e-01
  -2.49883587e-01 -2.22486457e-01 -2.25775207e-01 -2.52392652e-01
  -2.24293912e-01 -2.26834934e-01 -2.45982909e-01 -2.58191391e-01
  -2.37373775e-01]
 [-8.52414609e-02 -8.83760808e-02 -7.35063706e-02 -5.41323346e-02
  -8.90317786e-02 -7.34197635e-02 -7.33683288e-02 -5.27376258e-02
  -5.28922049e-02 -5.58919925e-02 -7.41813394e-02 -6.92796534e-02
  -8.31607369e-02 -9.33098212e-02 -7.34225321e-02 -6.79396137e-02
  -8.06136524e-02 -7.78832075e-02 -5.81464281e-02 -6.97677056e-02
  -5.13536328e-02]
 [-4.95879623e-01 -4.04474794e-01 -4.18804095e-01 -4.09317024e-01
  -3.94803235e-01 -3.94869058e-01 -4.15134302e-01 -4.20257084e-01
  -4.08081348e-01 -4.00698987e-01 -3.91431449e-01 -4.17555695e-01
  -3.90191970e-01 -4.07082564e-01 -4.20991255e-01 -4.12197681e-01
  -4.13968807e-01 -4.16451669e-01 -4.06657841e-01 -3.95625010e-01
  -4.03051236e-01]
 [-5.74514434e-01 -4.80355396e-01 -4.85886889e-01 -4.84991088e-01
  -4.80499842e-01 -4.62366832e-01 -4.82249001e-01 -4.80084669e-01
  -4.67906293e-01 -4.69911360e-01 -4.84104698e-01 -4.65693399e-01
  -4.65413149e-01 -4.88568161e-01 -4.62801343e-01 -4.85945604e-01
  -4.84094542e-01 -4.70830027e-01 -4.73711861e-01 -4.56384695e-01
  -4.51460549e-01]
 [-8.87392487e-01 -7.41217391e-01 -7.45831012e-01 -7.33731402e-01
  -7.33593663e-01 -7.35361324e-01 -7.28321190e-01 -7.27978486e-01
  -7.21246011e-01 -7.33659835e-01 -7.16931008e-01 -7.17489977e-01
  -7.16342027e-01 -7.32488801e-01 -7.41816172e-01 -7.17140759e-01
  -7.32388394e-01 -7.13415170e-01 -7.34503154e-01 -7.33138885e-01
  -7.17979983e-01]
 [-8.03052519e-02 -6.89512274e-02 -8.23338313e-02 -7.00797254e-02
  -5.73231699e-02 -5.78528402e-02 -8.25803568e-02 -6.64086571e-02
  -7.65136668e-02 -8.25591092e-02 -8.84954755e-02 -7.03887124e-02
  -6.46769755e-02 -7.18383350e-02 -6.60764524e-02 -6.83120865e-02
  -8.31895922e-02 -7.16520592e-02 -7.65735140e-02 -8.27808815e-02
  -7.01727285e-02]
 [ 4.98818009e-02  3.97808979e-02  3.14530067e-02  1.33288224e-02
   3.68268002e-02  1.29274800e-02  3.53537088e-02  2.92002950e-02
   3.95951731e-02  2.40738553e-02  2.55903947e-02  2.01376168e-02
   6.26858110e-03  4.00953276e-02  4.42596196e-02  1.00548809e-02
   3.13422787e-02  1.21843757e-02  8.45862795e-03  4.19683312e-02
   2.78720617e-02]
 [-4.60886834e-02 -4.01664649e-02 -4.22092238e-02 -5.73069237e-02
  -3.65179882e-02 -4.64440346e-02 -2.75864934e-02 -5.51755931e-02
  -2.47902066e-02 -3.06708744e-02 -4.08616245e-02 -3.95312622e-02
  -2.90997162e-02 -4.18938403e-02 -5.44114781e-02 -6.15883911e-02
  -2.33030289e-02 -3.26112563e-02 -3.45880894e-02 -4.22762403e-02
  -5.62918348e-02]
 [-5.70354331e-01 -4.64282769e-01 -4.84259853e-01 -4.85273089e-01
  -4.76974519e-01 -4.72430065e-01 -4.55742342e-01 -4.87769202e-01
  -4.50920183e-01 -4.58686801e-01 -4.55137018e-01 -4.51360885e-01
  -4.60418843e-01 -4.75063599e-01 -4.56954021e-01 -4.51035092e-01
  -4.58422335e-01 -4.74602746e-01 -4.52795171e-01 -4.80094321e-01
  -4.69731497e-01]
 [-1.86978452e-01 -1.70589259e-01 -1.61921417e-01 -1.61508881e-01
  -1.58218314e-01 -1.70865967e-01 -1.69562017e-01 -1.56182361e-01
  -1.69565657e-01 -1.48196286e-01 -1.46744524e-01 -1.65656057e-01
  -1.39616577e-01 -1.72736151e-01 -1.36099120e-01 -1.44733258e-01
  -1.58145310e-01 -1.70281846e-01 -1.56736277e-01 -1.45169088e-01
  -1.33491826e-01]
 [-1.56937355e-01 -1.49047001e-01 -1.09040501e-01 -1.35096891e-01
  -1.11637489e-01 -1.33658008e-01 -1.40211188e-01 -1.47989079e-01
  -1.40198176e-01 -1.25473396e-01 -1.33153627e-01 -1.10481476e-01
  -1.21394404e-01 -1.16324953e-01 -1.32966769e-01 -1.42226169e-01
  -1.08012667e-01 -1.20205615e-01 -1.19221352e-01 -1.29602046e-01
  -1.27007052e-01]
 [-2.34327749e-01 -1.75488397e-01 -1.92279541e-01 -1.71783583e-01
  -2.00734136e-01 -1.98046692e-01 -1.72236499e-01 -1.97015818e-01
  -1.96377654e-01 -1.79940054e-01 -2.07694766e-01 -1.74694414e-01
  -1.90919049e-01 -1.74433571e-01 -2.10908404e-01 -1.84208576e-01
  -1.74593454e-01 -2.09330372e-01 -1.76250198e-01 -1.94905014e-01
  -1.87165327e-01]
 [-8.09347091e-02 -6.18886875e-02 -8.67686490e-02 -7.44339718e-02
  -6.19902093e-02 -6.66407610e-02 -5.76105733e-02 -6.90342965e-02
  -5.96260081e-02 -8.29406717e-02 -5.30459002e-02 -8.71524853e-02
  -5.19091777e-02 -6.64050042e-02 -8.57250183e-02 -5.97719675e-02
  -7.09933263e-02 -6.84074883e-02 -5.83518048e-02 -8.96100316e-02
  -7.56154416e-02]
 [-5.90701311e-02 -3.46793693e-02 -6.85841234e-02 -4.87695217e-02
  -5.63811582e-02 -7.24786346e-02 -4.03929148e-02 -5.99386918e-02
  -6.01834355e-02 -5.83933348e-02 -4.09073535e-02 -5.30256596e-02
  -3.39494248e-02 -6.71458526e-02 -6.73260285e-02 -6.79366473e-02
  -4.17686181e-02 -6.89779313e-02 -5.16685510e-02 -3.60366832e-02
  -5.91146970e-02]
 [-2.17669130e-01 -1.80310739e-01 -1.69873619e-01 -1.91082087e-01
  -1.61300673e-01 -1.61080274e-01 -1.89051990e-01 -1.66723788e-01
  -1.83815064e-01 -1.59967492e-01 -1.75098611e-01 -1.76239716e-01
  -1.85614412e-01 -1.76798430e-01 -1.76067429e-01 -1.71790876e-01
  -1.96678130e-01 -1.64198239e-01 -1.69639117e-01 -1.81661426e-01
  -1.72314450e-01]
 [-3.72648677e-01 -3.05342103e-01 -3.14970951e-01 -3.22122830e-01
  -3.15899333e-01 -2.96435679e-01 -3.19382441e-01 -3.23966847e-01
  -2.86031301e-01 -2.99357899e-01 -3.09483335e-01 -2.87995376e-01
  -3.16376394e-01 -2.98543534e-01 -2.91449573e-01 -2.96079132e-01
  -2.99912831e-01 -3.12581978e-01 -3.21053104e-01 -3.06767624e-01
  -2.93658994e-01]
 [-2.85197060e-01 -2.18004311e-01 -2.43406878e-01 -2.29872814e-01
  -2.50107287e-01 -2.42936964e-01 -2.42308285e-01 -2.13892507e-01
  -2.13550133e-01 -2.51525414e-01 -2.32378044e-01 -2.40798369e-01
  -2.27133604e-01 -2.23185671e-01 -2.35805213e-01 -2.36642972e-01
  -2.32073033e-01 -2.26513157e-01 -2.18859965e-01 -2.55408459e-01
  -2.36621649e-01]
 [-9.93953736e-02 -6.44617070e-02 -6.42813825e-02 -9.96344548e-02
  -7.09286682e-02 -8.64350171e-02 -6.75413294e-02 -7.02742918e-02
  -9.96059734e-02 -9.14707388e-02 -7.10649376e-02 -8.08990920e-02
  -8.11553318e-02 -6.91389588e-02 -8.69431055e-02 -7.71146209e-02
  -7.95051876e-02 -8.07292613e-02 -9.67784275e-02 -7.02214371e-02
  -8.78029048e-02]
 [-1.45433295e-02 -3.38816835e-02  1.77483771e-03 -1.62089185e-02
  -2.47725718e-02 -9.54246857e-03 -1.80319378e-02 -1.15301905e-02
  -2.90932566e-02 -2.42272632e-02 -2.46641279e-02 -2.48879271e-02
  -1.25665836e-02 -2.29014859e-02 -2.50512331e-02 -3.11598663e-02
  -2.75517042e-02 -3.20404117e-02 -1.47962031e-02 -2.80071397e-02
  -4.99914829e-03]
 [-1.84780646e-01 -1.69759218e-01 -1.34584766e-01 -1.67673143e-01
  -1.61386118e-01 -1.63473284e-01 -1.57621011e-01 -1.40592752e-01
  -1.41147048e-01 -1.50775593e-01 -1.70408089e-01 -1.33402269e-01
  -1.45533186e-01 -1.49610486e-01 -1.34293423e-01 -1.48461582e-01
  -1.35030187e-01 -1.57150394e-01 -1.58943723e-01 -1.49723487e-01
  -1.45831067e-01]
 [-2.61827464e-01 -2.21109802e-01 -2.19761089e-01 -2.07496929e-01
  -2.19443945e-01 -2.12218964e-01 -2.19781886e-01 -2.17147877e-01
  -2.26388649e-01 -2.30448515e-01 -1.99448799e-01 -2.03703218e-01
  -2.05477073e-01 -2.20756557e-01 -2.03805461e-01 -2.04113973e-01
  -1.96743021e-01 -1.99400468e-01 -2.02094355e-01 -2.18336833e-01
  -2.02239406e-01]
 [-8.54087479e-03 -1.83679493e-02 -2.12826227e-02 -2.02739673e-02
  -2.68458551e-02 -1.70505973e-02 -2.00466398e-03 -1.34703008e-03
  -1.00794212e-02 -2.08991004e-02  9.54726663e-04 -2.61012841e-03
  -1.07150821e-02 -7.67248940e-03 -2.15623464e-02 -1.97063996e-02
  -1.12895102e-02 -2.77204900e-02 -8.85070183e-03 -1.44436302e-02
  -1.78910541e-02]
 [-1.26909342e-01 -1.06392215e-01 -1.16291793e-01 -1.10657626e-01
  -1.06710085e-01 -1.16663698e-01 -9.83053911e-02 -1.02551693e-01
  -1.09435339e-01 -1.17171749e-01 -1.00202525e-01 -9.80843554e-02
  -1.24292950e-01 -1.20514360e-01 -1.24150734e-01 -1.10645384e-01
  -9.68033177e-02 -8.87435133e-02 -1.07308622e-01 -8.91222217e-02
  -1.09843936e-01]
 [-1.88299737e-01 -1.62931909e-01 -1.51072023e-01 -1.70488218e-01
  -1.46376298e-01 -1.63902772e-01 -1.63091729e-01 -1.64133931e-01
  -1.61876370e-01 -1.42750527e-01 -1.57703370e-01 -1.52292959e-01
  -1.57301261e-01 -1.43344855e-01 -1.63880904e-01 -1.68756341e-01
  -1.58322470e-01 -1.69276040e-01 -1.47309774e-01 -1.70018854e-01
  -1.66907388e-01]
 [-2.22750965e-01 -1.92511023e-01 -1.85073022e-01 -1.63140621e-01
  -1.92167966e-01 -1.90770380e-01 -1.98043161e-01 -1.64096717e-01
  -1.72923327e-01 -1.84294411e-01 -1.72930922e-01 -1.94218721e-01
  -1.71425438e-01 -1.79557245e-01 -1.73699146e-01 -1.75738396e-01
  -1.86670206e-01 -1.64387448e-01 -1.99586663e-01 -1.76652946e-01
  -1.82268655e-01]
 [-9.79946284e-02 -8.57477510e-02 -9.67264992e-02 -9.98866800e-02
  -8.94430624e-02 -7.61660315e-02 -7.20041877e-02 -7.52156665e-02
  -9.55141653e-02 -8.52452527e-02 -8.34418293e-02 -9.16373603e-02
  -8.22657881e-02 -6.87769631e-02 -7.28605116e-02 -8.45949863e-02
  -8.35077502e-02 -8.50600052e-02 -6.59813291e-02 -7.06601899e-02
  -1.01218589e-01]
 [-2.79046280e-01 -2.27987496e-01 -2.25619765e-01 -2.45000237e-01
  -2.43366253e-01 -2.11740821e-01 -2.21316027e-01 -2.33356890e-01
  -2.28938798e-01 -2.11272795e-01 -2.27363234e-01 -2.14398144e-01
  -2.46643604e-01 -2.34079016e-01 -2.13646081e-01 -2.26633988e-01
  -2.25028266e-01 -2.42346725e-01 -2.35429969e-01 -2.14499771e-01
  -2.37516645e-01]
 [-3.64852293e-01 -3.12758375e-01 -3.03134189e-01 -3.01671003e-01
  -2.86213743e-01 -2.83517735e-01 -3.02323011e-01 -3.16350539e-01
  -3.09678701e-01 -2.81771486e-01 -3.03637364e-01 -2.89894216e-01
  -2.82437896e-01 -2.98378027e-01 -2.93162636e-01 -2.83873610e-01
  -2.93907134e-01 -2.92803888e-01 -2.85037097e-01 -2.93411643e-01
  -2.89143389e-01]
 [-2.99221597e-01 -2.35260517e-01 -2.62323380e-01 -2.26836706e-01
  -2.50020906e-01 -2.63287784e-01 -2.46280565e-01 -2.33625907e-01
  -2.30878775e-01 -2.62311553e-01 -2.61247002e-01 -2.53621382e-01
  -2.48262258e-01 -2.50858025e-01 -2.31373572e-01 -2.26219137e-01
  -2.48635648e-01 -2.51343546e-01 -2.29446661e-01 -2.43446487e-01
  -2.63189830e-01]
 [-1.66223286e-01 -1.32070813e-01 -1.44629847e-01 -1.23218843e-01
  -1.30770844e-01 -1.24794664e-01 -1.23554420e-01 -1.52933354e-01
  -1.48135186e-01 -1.29107092e-01 -1.33758687e-01 -1.36366696e-01
  -1.43680499e-01 -1.25239568e-01 -1.24736005e-01 -1.50847000e-01
  -1.32325864e-01 -1.40507460e-01 -1.26380208e-01 -1.41681141e-01
  -1.23435149e-01]
 [-1.61824777e-01 -1.36400717e-01 -1.39562358e-01 -1.40272942e-01
  -1.37287584e-01 -1.46733723e-01 -1.25493503e-01 -1.40944785e-01
  -1.25108518e-01 -1.50385706e-01 -1.34557753e-01 -1.37957162e-01
  -1.53782026e-01 -1.37803363e-01 -1.46321778e-01 -1.28748701e-01
  -1.15397055e-01 -1.28958219e-01 -1.34380275e-01 -1.48508048e-01
  -1.51637712e-01]
 [-2.92366821e-01 -2.26926265e-01 -2.44052533e-01 -2.26002350e-01
  -2.42626223e-01 -2.55203067e-01 -2.48055199e-01 -2.36336982e-01
  -2.38541623e-01 -2.30039348e-01 -2.57843316e-01 -2.35141897e-01
  -2.51347120e-01 -2.31264710e-01 -2.34912521e-01 -2.26535370e-01
  -2.42395046e-01 -2.50828549e-01 -2.33078569e-01 -2.30882604e-01
  -2.48047558e-01]
 [-2.28101327e-01 -1.90678616e-01 -1.91296821e-01 -1.73987783e-01
  -1.73007567e-01 -1.86501198e-01 -1.71280141e-01 -1.78091725e-01
  -1.79597907e-01 -1.82591161e-01 -1.96764623e-01 -1.86536253e-01
  -1.72456759e-01 -2.02750194e-01 -2.03035801e-01 -1.91595514e-01
  -2.00189922e-01 -1.71224294e-01 -1.93213998e-01 -2.08396867e-01
  -2.02498997e-01]
 [-7.14962132e-02 -6.98571979e-02 -7.06427399e-02 -7.09910039e-02
  -6.19356884e-02 -7.68328733e-02 -7.29601549e-02 -8.02684712e-02
  -5.20248791e-02 -6.95789730e-02 -6.47987446e-02 -7.54094751e-02
  -7.98480265e-02 -5.91170965e-02 -6.25428004e-02 -5.41298137e-02
  -5.16467177e-02 -4.43360025e-02 -6.61789629e-02 -4.55054841e-02
  -7.49889186e-02]
 [-4.11403609e-01 -3.32987588e-01 -3.52730801e-01 -3.49496346e-01
  -3.35690334e-01 -3.28017908e-01 -3.49609173e-01 -3.27954298e-01
  -3.39532688e-01 -3.29087724e-01 -3.43331844e-01 -3.24420071e-01
  -3.57647124e-01 -3.36035045e-01 -3.16892633e-01 -3.50806488e-01
  -3.38369208e-01 -3.42459097e-01 -3.41125843e-01 -3.51816252e-01
  -3.46716965e-01]
 [-2.93963665e-02 -2.93344656e-02 -4.57483387e-02 -1.67481637e-02
  -4.39738066e-02 -2.56972425e-02 -4.22391451e-02 -4.74731426e-02
  -3.97753151e-02 -1.21540951e-02 -1.56663103e-02 -2.60818787e-02
  -3.85436212e-02 -4.48563543e-02 -2.95276173e-02 -2.29027012e-02
  -3.38052906e-02 -4.53420562e-02 -1.71061095e-02 -4.83047842e-02
  -2.37677051e-02]
 [-3.41214759e-01 -2.62684677e-01 -2.97374703e-01 -2.85594327e-01
  -2.65152682e-01 -2.64156690e-01 -2.63541060e-01 -2.66309301e-01
  -2.82809333e-01 -2.67286462e-01 -2.73650162e-01 -2.77312952e-01
  -2.70927221e-01 -2.81230381e-01 -2.98983638e-01 -2.94119947e-01
  -2.87194017e-01 -3.00174724e-01 -2.76587699e-01 -2.96384030e-01
  -2.94505662e-01]
 [-1.38301929e-01 -1.17449907e-01 -1.02021923e-01 -9.67882559e-02
  -1.05322104e-01 -1.33537837e-01 -9.94279243e-02 -1.06408373e-01
  -1.15420089e-01 -1.05552165e-01 -1.05198843e-01 -1.23664398e-01
  -1.30929606e-01 -1.02174771e-01 -1.26419018e-01 -1.11352324e-01
  -1.25692749e-01 -1.19763934e-01 -1.09390906e-01 -9.85886364e-02
  -1.23405841e-01]
 [-3.11652625e-01 -2.50575668e-01 -2.35922545e-01 -2.50184927e-01
  -2.72363593e-01 -2.58757235e-01 -2.44586812e-01 -2.61435305e-01
  -2.43559069e-01 -2.67049339e-01 -2.70621334e-01 -2.44030382e-01
  -2.76301749e-01 -2.42610609e-01 -2.66918110e-01 -2.38227981e-01
  -2.36475040e-01 -2.53685449e-01 -2.76554380e-01 -2.66018915e-01
  -2.72170717e-01]
 [-2.17316593e-01 -1.66512062e-01 -1.84333764e-01 -1.65623796e-01
  -1.61498784e-01 -1.88176429e-01 -1.79261818e-01 -1.74959012e-01
  -1.74439907e-01 -1.61806177e-01 -1.97159106e-01 -1.78946540e-01
  -1.88656955e-01 -1.97969310e-01 -1.96840981e-01 -1.78781040e-01
  -1.74724062e-01 -1.66699783e-01 -1.66032532e-01 -1.80168760e-01
  -1.76571636e-01]
 [-3.91215561e-01 -3.35226161e-01 -3.21749731e-01 -3.22716545e-01
  -3.02388476e-01 -3.19714458e-01 -3.00624028e-01 -3.33342539e-01
  -3.28129785e-01 -3.37487899e-01 -3.28535185e-01 -3.38506687e-01
  -3.14225065e-01 -3.37558908e-01 -3.38491453e-01 -3.04564926e-01
  -3.01745847e-01 -3.10128381e-01 -3.18457207e-01 -3.41722270e-01
  -3.06245554e-01]
 [-1.93623033e-01 -1.67638436e-01 -1.60156000e-01 -1.68503186e-01
  -1.53106040e-01 -1.60368967e-01 -1.64539468e-01 -1.56969765e-01
  -1.41357140e-01 -1.47122787e-01 -1.68669850e-01 -1.48397957e-01
  -1.59361848e-01 -1.57136420e-01 -1.50203197e-01 -1.57277912e-01
  -1.51077432e-01 -1.55428398e-01 -1.55966852e-01 -1.54972713e-01
  -1.43164801e-01]
 [-4.77841887e-02 -2.53522491e-02 -3.05147724e-02 -4.25839598e-02
  -3.68813436e-02 -4.28737616e-02 -6.40289277e-02 -3.69325143e-02
  -5.34543775e-02 -4.48023782e-02 -4.88780820e-02 -3.27835661e-02
  -2.87635324e-02 -3.50615529e-02 -4.07502867e-02 -2.85164886e-02
  -4.89746592e-02 -4.91953574e-02 -6.42981678e-02 -3.21243202e-02
  -5.43452173e-02]
 [-4.96584261e-01 -4.20489369e-01 -4.05925401e-01 -4.14093109e-01
  -3.92838102e-01 -4.06512400e-01 -4.17614356e-01 -3.89366618e-01
  -4.16410711e-01 -4.21977513e-01 -3.93666350e-01 -4.19392643e-01
  -4.14391752e-01 -3.89553345e-01 -4.16215499e-01 -3.87268488e-01
  -4.16095791e-01 -4.01297925e-01 -4.02552939e-01 -4.21424177e-01
  -3.96984435e-01]
 [-5.89808590e-02 -3.57840282e-02 -3.38091420e-02 -5.03263867e-02
  -3.76597742e-02 -6.96108589e-02 -7.25052602e-02 -3.28792934e-02
  -6.25510119e-02 -4.88556687e-02 -4.44547615e-02 -6.02065110e-02
  -5.47144053e-02 -6.34108584e-02 -7.16198518e-02 -5.22917389e-02
  -4.72898468e-02 -7.04571997e-02 -5.04007005e-02 -3.62101805e-02
  -4.14718166e-02]
 [-5.37525342e-02 -5.81520160e-02 -6.70822120e-02 -6.20347142e-02
  -3.42390893e-02 -2.94805948e-02 -3.31469367e-02 -4.78740149e-02
  -3.63098919e-02 -6.18921407e-02 -4.28404188e-02 -4.52310354e-02
  -6.77315182e-02 -6.53519217e-02 -4.98452430e-02 -5.29362045e-02
  -6.40046825e-02 -3.76605288e-02 -4.22895941e-02 -3.60409270e-02
  -5.30605775e-02]
 [-1.84864099e-01 -1.42112184e-01 -1.43571657e-01 -1.55293708e-01
  -1.43546765e-01 -1.46560624e-01 -1.40180622e-01 -1.53740328e-01
  -1.42215726e-01 -1.44557540e-01 -1.49226292e-01 -1.44025850e-01
  -1.50591851e-01 -1.66616611e-01 -1.54926716e-01 -1.35504413e-01
  -1.37808857e-01 -1.33270324e-01 -1.33519729e-01 -1.58187503e-01
  -1.45028947e-01]
 [-7.71873629e-02 -7.64179049e-02 -7.46626295e-02 -6.53471758e-02
  -8.49441914e-02 -6.25243918e-02 -5.29284560e-02 -6.45910395e-02
  -7.02074395e-02 -6.64153570e-02 -5.31118618e-02 -6.05252432e-02
  -7.21692369e-02 -4.86532686e-02 -6.69340046e-02 -6.82994382e-02
  -5.87050861e-02 -6.25170730e-02 -5.76091186e-02 -7.32256883e-02
  -7.90900261e-02]
 [-8.88295273e-02 -9.11582732e-02 -6.99332595e-02 -5.59037447e-02
  -8.69542193e-02 -7.29258795e-02 -8.33297796e-02 -5.68334831e-02
  -9.33836140e-02 -8.58484322e-02 -6.32411087e-02 -5.70475177e-02
  -6.37300196e-02 -6.31958277e-02 -8.71169343e-02 -6.63356253e-02
  -7.12411217e-02 -6.42739224e-02 -8.01737407e-02 -7.99837226e-02
  -9.32589995e-02]
 [-7.83312590e-02 -6.56823971e-02 -8.41623163e-02 -6.55470206e-02
  -5.99413645e-02 -6.16334242e-02 -7.89044529e-02 -7.91439727e-02
  -8.24280247e-02 -5.78852820e-02 -4.94614388e-02 -6.79901377e-02
  -6.90492222e-02 -8.61582971e-02 -8.59814811e-02 -8.47546350e-02
  -7.75734878e-02 -4.93636304e-02 -8.75101555e-02 -8.40363312e-02
  -7.49532238e-02]
 [-1.46852277e-01 -1.32983951e-01 -1.34696616e-01 -1.37348210e-01
  -1.41979424e-01 -1.14966942e-01 -1.28249134e-01 -1.39194366e-01
  -1.04638630e-01 -1.18153667e-01 -1.33707684e-01 -1.25349913e-01
  -1.07019687e-01 -1.19474114e-01 -1.29329825e-01 -1.40199480e-01
  -1.10691038e-01 -1.02409330e-01 -1.39374467e-01 -1.06238746e-01
  -1.21220396e-01]
 [-2.69404935e-01 -2.03413182e-01 -2.08805597e-01 -2.29288331e-01
  -2.30412931e-01 -2.11498110e-01 -2.38130807e-01 -2.02427926e-01
  -2.16079181e-01 -2.26795881e-01 -2.21519800e-01 -2.28258838e-01
  -2.32707272e-01 -2.35034265e-01 -2.30059853e-01 -2.30515700e-01
  -2.35677264e-01 -2.28445185e-01 -2.03941346e-01 -2.11684275e-01
  -2.26568554e-01]
 [-7.31127282e-01 -6.03835260e-01 -6.12325666e-01 -5.88673185e-01
  -6.05980032e-01 -6.12462156e-01 -6.13422196e-01 -5.80894486e-01
  -5.82948668e-01 -6.12576527e-01 -6.10768826e-01 -5.81185556e-01
  -5.94411688e-01 -6.07670376e-01 -5.99996431e-01 -5.91784893e-01
  -6.15290655e-01 -6.19830207e-01 -5.86231391e-01 -5.93634615e-01
  -5.83501857e-01]
 [-3.01306062e-01 -2.31266014e-01 -2.38572494e-01 -2.36722434e-01
  -2.36059094e-01 -2.42775706e-01 -2.30340991e-01 -2.58195941e-01
  -2.28668859e-01 -2.30664026e-01 -2.65132205e-01 -2.43273432e-01
  -2.67115828e-01 -2.61908247e-01 -2.29107740e-01 -2.43877025e-01
  -2.59625032e-01 -2.56978676e-01 -2.60878679e-01 -2.64608685e-01
  -2.55093035e-01]
 [-9.66355768e-02 -6.77892326e-02 -6.19373649e-02 -7.56277235e-02
  -6.84524287e-02 -6.52509294e-02 -8.39472396e-02 -7.10409501e-02
  -9.95758107e-02 -8.44476100e-02 -6.38853280e-02 -9.21836214e-02
  -8.03315693e-02 -9.72430217e-02 -7.35077380e-02 -7.19454644e-02
  -9.94530456e-02 -6.74500344e-02 -7.93491382e-02 -9.10179529e-02
  -7.37205502e-02]
 [-2.89807248e-01 -2.32150389e-01 -2.35157581e-01 -2.39911053e-01
  -2.27666632e-01 -2.29976015e-01 -2.29316071e-01 -2.56393866e-01
  -2.28021094e-01 -2.41486318e-01 -2.18350364e-01 -2.44119253e-01
  -2.37026423e-01 -2.38007024e-01 -2.32229520e-01 -2.51085290e-01
  -2.19074016e-01 -2.29897304e-01 -2.36629311e-01 -2.43564570e-01
  -2.46970203e-01]
 [-1.44595884e-01 -1.09187788e-01 -9.87092434e-02 -1.33384396e-01
  -1.32291174e-01 -1.28106202e-01 -1.17508529e-01 -1.11356588e-01
  -1.20087111e-01 -1.01759888e-01 -1.29626096e-01 -1.03719766e-01
  -1.00106081e-01 -1.17350771e-01 -1.27725323e-01 -1.15066748e-01
  -1.24227950e-01 -1.05791535e-01 -1.09849886e-01 -1.23947386e-01
  -1.04288921e-01]
 [-1.30605869e-01 -1.26046681e-01 -1.16681999e-01 -9.47128939e-02
  -1.09220006e-01 -9.35031907e-02 -1.20542319e-01 -1.15170654e-01
  -1.28423461e-01 -1.01409559e-01 -1.14409056e-01 -1.01222301e-01
  -1.16263074e-01 -1.22009492e-01 -1.07507394e-01 -1.22226803e-01
  -9.40677734e-02 -1.03957317e-01 -1.15688149e-01 -9.43866521e-02
  -1.21024861e-01]]

